A:
 -42   27   22   20   20  -14 
  14  -12    0   24    4   37 
  39   37   29  -28  -41   14 
  10  -17   26   32   -4    5 
 -36    5   37  -24    0    4 
   9   16   19   -1   13   14 

B:
   4  -11   -6  -25   -5   19 
  -1  -11   -8  -13  -39    1 
  10  -11   14   -3   31  -25 
   1  -14   36  -23    6    2 
  19  -12   35   -5  -13  -46 
  39  -28  -13   -4   45  -17 

C:
-121 -205 1946  129 -931 -1963 
1611 -1442  535 -914 2155 -511 
 148 -663 -2749 -750  256 1645 
 468 -749 1387 -843 1888 -314 
 353  158 -222 1260 1168 -1720 
1002 -1018  321 -588  375 -1126 

